-1443.2142077780347
0.5361578298301645 0.4638421701697375 2.516419805758708e-60 1.2175298149028282e-44 7.584086093067886e-39 
0.35619614904855806 0.19564965497510425 1.5299758513120266e-17 0.4481541959763004 2.660820555065419e-25 
0.5638387033739445 9.76169098666993e-20 2.929098620174402e-29 0.24942208477113387 0.18673921185486703 
0.566610081183851 1.7074426330155527e-16 1.4538340142557841e-30 1.149255341130249e-07 0.4333898038905754 
0.9999999999999688 1.641422180454157e-67 5.455193272173119e-38 6.041168711121855e-54 2.157354500776801e-121 
1.0172148721174436e-13 0.44856572078982504 0.12954769472551847 0.4218848879811028 1.6965034168196449e-06 
7.463070947955359e-36 3.097672620270778e-13 0.9999999794195397 2.058011430550151e-08 4.594753754811086e-33 
0.29597274682767133 0.1404880379589748 1.9690995705989556e-13 0.5635392152130635 1.848389333036549e-89 
0.9999999999999415 8.832282230759259e-72 1.4800485784644004e-80 2.1315050324409277e-47 5.54685589693676e-64 
5.521877271793259e-26 0.0008814860864070932 1.815129275885474e-122 1.2679087039294293e-85 0.9991185139135074 
7.82233315861232e-27 0.5360614077509038 0.17861864025306629 0.2853199519959541 6.988779020614086e-83 
4.119305800962197e-05 0.20602373843044125 5.725735247077831e-77 1.7800435705647778e-57 0.7939350685113531 
5.530580443620794e-21 2.602042775017917e-26 0.40762282675889366 0.5923771732410288 8.212337028208085e-82 
4.174469725967708e-79 0.656706952295893 5.526116726321553e-79 8.594094766445205e-116 0.3432930477038213 
5.0357023284019525e-34 0.9948901217900542 4.375011627209587e-143 1.0214736280530387e-21 0.005109878209781858 
0.7716329151119604 0.006458387483282912 0.22190869740446276 4.4733605522944426e-61 1.7893358513308733e-247 
2.4912796918167047e-22 9.05675860077509e-67 0.9999999999995651 5.038042466762947e-28 4.882322805705462e-126 
1.366593560060841e-38 0.5758828612893016 0.30273378710740906 0.12138335160308532 6.840781012675814e-86 
0.33998839033705 2.7339666346214444e-40 0.06301243191120252 0.5951177600579239 0.0018814176936061621 
4.093228418143116e-60 0.16814083558600929 2.019904491758962e-31 0.8318591644138268 4.0032589318834747e-94 
4.538734132057828e-62 0.2920850351054818 2.435087206990715e-41 6.399963902089563e-53 0.7079149648943569 
2.0252330782249137e-133 0.328708005484902 0.09733139946134207 0.5739605950532798 3.447811006477454e-29 
2.567071213206464e-57 1.517603016472104e-39 4.4442930913351365e-46 0.9999999999994117 1.3615456034659695e-60 
0.9999999999997223 6.453522065288719e-36 9.224497038794587e-56 7.172956320596281e-40 1.7392718431153498e-120 
1.0441779079576525e-192 0.9999999999996153 1.6609679308262292e-230 8.85460447363129e-274 1.0222872049221177e-158 
0.15251416705938628 1.3357515580519703e-94 0.8473957524007582 4.075716125116297e-36 9.00805397480319e-05 
1.8353034151236337e-207 7.588420344657173e-245 3.559282468624476e-12 0.9999999999962589 4.823385803982741e-224 
2.0989648470109506e-37 6.357750186103136e-162 0.999999999999706 1.7840474389385018e-85 3.808550861096524e-160 
2.3372672533695694e-33 0.2505143537151872 0.3494881753793163 2.28436566367011e-57 0.39999747090507975 
1.8131926760184966e-25 0.25584469812716926 0.00023717300010668268 0.7439181288726833 6.070430640009574e-32 
0.02089355855407074 0.771568161347247 8.454532213560744e-60 0.2075382800983373 6.468240496550304e-72 
1.4035633495176838e-19 0.4213773101722366 0.578622689827658 7.000242544908111e-18 2.833864278695114e-82 
0.99999999999921 4.84427259661761e-29 7.961476109954303e-89 6.014360990908386e-13 1.4490882085060697e-116 
6.467622186942617e-31 0.9999999999821098 9.328957352241432e-73 1.717592559030136e-11 1.2758392317679118e-87 
1.4820226064803955e-120 0.9999999999997436 2.7138122666741865e-78 9.168501777248105e-98 2.325565711211278e-85 
3.740644507712631e-59 0.23054512099937538 1.1657499790334054e-48 0.1717432338404896 0.5977116451593018 
1.8500437427842166e-116 0.9999999999994444 8.865889750814554e-141 1.576964277774717e-110 5.477639267816393e-221 
0.1744865466364043 0.16773844937358764 0.6577750039898754 8.761529098716287e-16 2.1000385244766846e-80 
9.141551218737088e-42 9.905874535386538e-59 8.020228942826161e-06 0.7677565327773908 0.23223544699351711 
0.28262856654383434 4.8964127309674014e-33 3.241382818871328e-115 0.7173714334558208 2.764677517087589e-202 
0.9292723350060785 8.344749267321413e-08 0.07072758154624349 2.156934741550403e-22 1.656269625300513e-16 
2.677877356898383e-98 4.37429707214313e-87 0.6591728717533489 0.1245217733817864 0.21630535486456168 
4.449813431728316e-98 2.71190679134843e-151 0.5840476204868142 4.70561990500167e-53 0.4159523795124166 
5.965749599847573e-55 0.7359596733757239 0.26404032662402627 3.8618476069796655e-37 6.08008006449412e-32 
3.67846087867091e-76 0.46430371403240783 0.5129225234665784 0.022773762500244595 9.173739332480819e-81 
5.476389152919548e-122 4.1316273313209904e-71 1.6815258467182443e-121 0.999999999999091 3.259933387817377e-192 
2.8729756311019022e-93 1.1366230108415323e-75 2.574781147670385e-63 1.0647296486636297e-93 0.999999999999091 
0.9999999999990001 8.935928222394201e-39 6.122197727372222e-307 2.2635375590689184e-148 1.3553186848355282e-50 
8.006664978260188e-203 1.2751708943930741e-169 3.3564445267273846e-95 0.9999999999966667 1.6971845e-316 
0.0 0.9999999999937117 5.038354667695604e-12 0.0 1.3898141452637097e-294 
1.6854195038907043e-116 0.6198609061328724 7.104533761842265e-60 0.38013909386682476 2.0692533261437563e-213 
3.8825318831266997e-76 3.0422879906273157e-29 0.2581205481795743 0.7418794518199494 1.8178285353583783e-154 
3.472754099561992e-213 0.5164694249044818 4.110857425700594e-31 0.48353057509492986 4.1969675811185935e-20 
7.355980519478695e-222 0.9999999999990001 1.876170574685264e-165 8.1672935087858e-168 8.891070265463833e-65 
0.974017211432676 3.16827188446963e-51 1.0813889195054702e-26 0.02598278856692402 1.197642229524257e-131 
0.6677919645995115 9.211501908595858e-28 1.7172510144325743e-85 0.3322080354002662 2.866006648896189e-38 
0.999999999998889 2.9668904066118344e-38 8.077957361395925e-269 6.709651399597172e-98 1.5925166688258395e-154 
3.2582733155706017e-23 7.904689417805974e-29 0.8843298294026567 7.028251031278298e-36 0.11567017059567672 
6.9440903027940426e-96 1.793747674213574e-164 6.164345111803713e-92 0.9999999999996 4.776508672240796e-45 
1.4130749987067884e-161 5.000276908842675e-166 1.9533605797468518e-115 2.659232718057459e-147 0.9999999999997436 
4.1565070995591956e-187 6.128769816276468e-157 1.6393466248486169e-105 2.3502135012127882e-186 0.9999999999983333 
2.256821789942285e-132 6.361239668190932e-49 3.169462460666438e-95 3.2100120196689565e-49 0.9999999999995237 
9.497171961637499e-120 8.144182627297708e-58 0.9999999999992858 9.311077672034905e-72 2.5833851920328117e-137 
2.2352689684666997e-94 1.9874966774972303e-92 0.999999999944217 5.549738578826234e-11 1.291158451963186e-106 
8.162004798330646e-103 0.8912917429348707 5.93929876001537e-66 1.8384914506064408e-90 0.10870825706467474 
2.7007751067988786e-78 0.5976051663846411 9.221453936782967e-235 1.127562991263044e-118 0.40239483361517375 
1.680348557229043e-36 0.7608123611008042 0.1119118590945016 3.1653201325491382e-31 0.12727577980453778 
7.430341885271345e-38 1.040620211101422e-18 4.589226627416027e-87 0.9999999999998039 6.010655103482306e-82 
7.497582297917138e-126 0.3606239485732577 0.6393760514262423 4.1754071107188815e-64 2.143955828422243e-32 
0.41887876053077244 3.2083986759182216e-124 0.5811212394692254 0.0 1.719264227852122e-18 
0.5662589849522957 0.19569388970717716 0.12876868592878976 0.10927843941173529 1.0806631580754557e-19 
0.6573563044600078 0.29244210660746234 6.541866104309268e-73 0.05020158893252727 2.446117564156267e-17 
0.5767345103247812 5.340021201761743e-61 0.09969951582537236 0.3235659738498435 4.4374711134285816e-41 
0.041517378470304525 0.2359919111904416 2.3602176421801722e-46 2.38070460549454e-64 0.7224907103392516 
0.8480859727036936 3.746287422770978e-24 5.029100400840538e-167 0.15191402729630457 3.8293277832213206e-26 
0.2314260512609237 0.7685739487390737 1.9928781930883714e-78 2.963908299700453e-17 3.3817283233876383e-66 
0.8401254297429123 4.0415537317156105e-97 0.12063957043934292 0.039234999817741964 7.352540400738768e-27 
0.10256878283108745 0.2661516974616904 1.9105368165657984e-06 0.0 0.631277609170403 
1.8177209444944763e-23 0.34452445021360156 1.6885440577974876e-98 1.6880907293560708e-30 0.6554755497863968 
0.6080349432796496 8.46496076308885e-40 6.199585302234732e-09 1.6996250317769714e-252 0.3919650505207629 
0.48603595746056594 0.0010302968257580784 6.1123846e-316 3.109204492081635e-67 0.5129337457136736 
0.2576269503541679 0.6171447640757772 0.09613350602379879 9.450458951350051e-21 0.029094779546254234 
1.4750291537228307e-63 8.058225466885812e-82 1.2669015764905173e-37 7.091081216679449e-46 0.9999999999999978 
0.6885952866347038 0.22891447767565754 3.1548668614878527e-44 1.8377160139581051e-180 0.08249023568963622 
0.6713740831533366 0.18429643726700315 2.529077167851305e-41 0.14432947938738752 1.9227064437503646e-10 
0.33596898742534387 0.5510446296961115 3.95345323922834e-06 1.6538520727766744e-152 0.11298242942530366 
0.29256936199136907 4.4236611484897084e-24 0.2558040200355243 0.1532143648720906 0.2984122531010143 
0.4206028989618671 4.21837770711109e-130 0.43650651410977837 0.0 0.1428905869283526 
2.561160388617829e-09 3.7659696271902456e-21 9.069287169630122e-15 0.0010582858779472951 0.9989417115608815 
0.13136896476151155 4.381634344118177e-05 6.052943067916134e-35 0.13387114416904064 0.7347160747260041 
6.037159620825236e-12 0.4696231997052978 9.02452704924656e-241 4.80524903307953e-07 0.5303763197637593 
4.219832939870278e-102 0.9668734931832595 3.302446626312347e-14 0.0331265068167054 3.0627869183993293e-24 
0.0 0.0 3.4795663097592917e-212 0.9999999999999923 9.254975427179768e-223 
0.5752629886414856 5.339697787685249e-238 0.23509500012403467 0.1896420099685415 1.2659257464413522e-09 
0.016568675462770428 4.081616799709786e-27 0.2542725504331973 2.401874909627809e-252 0.729158774104028 
0.27979133348533564 0.16133557574876353 0.558873090765897 5.592982863e-314 5.334447818456395e-16 
2.9344025338898777e-79 0.038284391859137554 0.21850901326355016 7.612560932127485e-101 0.7432065948773083 
3.070218001414487e-14 7.734702199195759e-69 0.35473784412140186 1.0563340854535391e-305 0.6452621558785635 
6.760654543471373e-198 8.627526101022383e-244 0.0 0.9999999999999974 5.788126596095799e-137 
1.00693219093645e-08 1.8071802333855238e-87 0.5037078376824106 0.40824862246845944 0.08804352977980527 
5.707697211988705e-76 0.3963547032820727 1.2170767553443614e-54 1.2537036665237912e-08 0.6036452841808876 
1.380055842574439e-17 0.13205947278153043 0.867940527218465 0.0 1.532139939829885e-81 
0.12029782624248632 2.4153411310063206e-118 1.9996818743616811e-94 0.6215246101757435 0.25817756358176674 
0.6755073392591249 0.23838897060673314 0.007255100826882171 0.07884858930725364 2.8869240825879385e-19 
0.3804877004972209 0.6195122995027758 2.339804147181568e-233 1.1395457822060807e-273 2.464136554385193e-89 
0.09941698156578405 0.5966623542166256 0.30392066421758535 0.0 6.156574500625595e-171 
0.8747817119018345 1.036022842996209e-09 5.074571972836706e-128 2.541959514163851e-232 0.12521828706213844 
2.8756880268981707e-236 0.0 0.9999999999999959 0.0 2.661315013582921e-261 
8.766487795370129e-45 0.2544627804774483 0.7455372195225463 0.0 4.804734199607629e-124 
0.36675445459970524 1.8570840961163204e-196 0.6332455454002898 0.0 5.176152419034204e-120 
2.2457058737974352e-119 7.490909639902609e-265 0.9999999999999964 0.0 3.4603046520215993e-180 
3.2911845456329526e-54 0.24800582361689497 0.7519941763830998 5.637325023e-314 1.0807881469339668e-181 
0.19750648190092127 0.11467567320268261 2.3488044840746612e-66 0.07267566886593223 0.615142176030461 
1.0293813664535655e-35 0.2990876885391536 0.7009123114608414 0.0 6.114029013410836e-44 
9.395012280313118e-110 2.20315982427345e-143 2.1372665491214302e-69 2.1569653625870357e-194 0.999999999999995 
2.078881111994578e-40 0.9999999999999749 5.448690451924965e-218 1.4675690058494552e-97 1.8214577562942843e-290 
0.5866278503581912 0.18493378184748055 0.22843836779432428 0.0 8.074654577232096e-121 
0.13330983499631807 0.12652161058023007 0.28016036309635683 1.335709092e-314 0.4600081913270909 
0.3972851751205733 2.1561310114839664e-27 0.2705014919981665 0.3322133328812351 1.8421603288536593e-76 
0.39897206346071024 0.2573943699126137 2.913290025769163e-35 0.07322057768913144 0.2704129889375404 
0.439574789930436 5.388284694633468e-29 0.17685042228764897 0.21253607942329986 0.17103870835861132 
0.99999999999995 7.461671133819733e-259 0.0 0.0 3.80562141015888e-193 
0.19985755790230464 0.2312214718536136 0.5668320713481602 1.5140198084384847e-276 0.002088898895916903 
4.423869795031326e-97 5.7821487454264674e-232 0.9999999999999952 6.292428777556e-312 2.1007916486586513e-102 
1.0385258274358722e-17 1.209573815650646e-64 6.731983328319671e-05 5.886924605430242e-78 0.9999326801667123 
1.8488124970936963e-123 0.8866950571804721 3.999026534394427e-132 0.11330494281952362 1.1730167740088424e-102 
4.323753831016161e-131 0.2942470038488169 1.0273642073624176e-06 0.08261546594353905 0.6231365028434321 
3.3594964419741035e-29 1.9010817309134443e-41 0.6216860381751238 1.9158788426117196e-242 0.3783139618248714 
2.6873938336927387e-126 0.2364921897586216 0.27299228599109476 1.627366125546552e-57 0.4905155242502745 
4.8497996717897e-311 1.1524827489179821e-267 0.0 0.9999999999999944 1.4290034515941597e-181 
5.09024777015015e-173 3.7361533698115055e-256 0.18662033886209106 0.3176122395117539 0.4957674216261474 
0.32278959372607025 1.1030306065398771e-110 0.5856230364050314 0.09158736986888662 4.513914371909725e-15 
0.401299579849337 9.918313181598987e-43 1.0800108346504544e-46 0.0 0.5987004201506563 
0.4212439680937653 1.4967851880105757e-212 0.578756031906227 0.0 1.2502765208336197e-133 
0.5686804370023825 4.2722047468395704e-108 0.349567758291528 0.08175180470608176 1.959899428342767e-38 
1.9269771948352874e-10 0.08527220751566444 0.19547340052553477 0.0 0.7192543917660973 
1.9413350579114554e-150 0.11981484737438472 0.6818440335935739 0.19834107481543148 4.421660277351498e-08 
0.4286713715660905 2.0457103619749617e-164 1.74367983352454e-58 8.345577251473914e-192 0.571328628433905 
0.6889396556758188 0.31106034432417684 2.3053156407227e-131 0.0 2.2923274795529203e-98 
6.16821693494132e-51 1.2341205592834988e-265 0.07665821090211614 0.0 0.9233417890978791 
0.21356447883619886 0.7864355211637946 1.1166798386815486e-181 0.0 1.1692420888212781e-28 
5.318370403927441e-54 2.376929315862043e-144 6.29395098471604e-116 0.15139408595029274 0.8486059140497011 
0.009567665455089676 7.419141144049295e-162 0.7314863121486602 0.25894602239624354 5.000741678724405e-81 
0.9999999999999954 8.22345875519317e-309 6.921520410803898e-47 0.0 1.610397858370435e-127 
1.5239638964097263e-19 1.8903801634987048e-143 0.047558711765300105 3.549304438172904e-192 0.952441288234695 
0.6733566951446021 0.24907226492944004 1.0385710865655455e-144 0.07757103992595085 8.375922394178471e-173 
0.44252452950925675 0.5514008649057938 8.600154312291911e-68 1.7696547388599024e-90 0.006074605584944774 
1.747872191879941e-164 0.3238156668165697 0.40678861424505297 1.5742020610208038e-197 0.2693957189383726 
5.134269803191643e-57 0.5516932032898667 0.0 0.4483067967101223 3.041939252722815e-79 
0.6234371223199741 0.3765628776800092 1.6356823263441952e-84 0.0 7.108428960100791e-288 
0.08907025040938038 4.50040124384431e-159 0.9109297495905995 0.0 5.967689618615951e-68 
0.9999999999999832 1.4191555931442004e-244 0.0 0.0 4.0196147692218323e-306 
0.9999999999999832 5.689985513984798e-293 4.1644865737194865e-238 0.0 3.313924234959289e-44 
3.122302145338315e-100 2.942717927586794e-84 5.592482014193996e-83 0.0 0.99999999999999 
6.952105437337474e-49 0.9999999999776247 4.49631088116055e-81 
0.43902776502197044 0.5609722349451741 4.736019740001924e-242 
1.4076241036556153e-279 0.9999999999444305 1.157991039225909e-106 
0.023000120718823677 0.9769998791829612 1.5575283033981946e-39 
0.0 0.9999999999775564 3.794716638482326e-108 
9.174712129971913e-218 0.999999999 2.448496305902449e-41 
6.954939081485195e-185 0.9999999989999999 2.25184066501791e-211 
0.0 5.834944240675478e-156 0.999999999 
0.9999999989999999 4.315227522295864e-87 3.574288263096748e-48 
2.1946666225242554e-162 0.9999999989999999 1.408381015353314e-120 
1.827683343033703e-294 1.9260160682286985e-88 0.9999999989999999 
8.38053503041069e-127 0.9999999989999999 1.1220119061095622e-64 
0.0 1.0412455378970114e-81 0.9999999989999999 
0.999999999 3.356710660268755e-157 3.3037715458817903e-75 
9.429296009853484e-280 1.3593097455406286e-96 0.999999999 
0.0 0.9999999989999999 1.6956718715953132e-97 
3.2364167898605782e-229 0.999999999 6.348744163869316e-87 
0.0 2.6018350747237365e-178 0.999999999 
0.45556776597094234 4.74071088420794e-166 0.5444322330290576 
0.0 4.0510555705212766e-115 0.999999999 
4.3847100464179084e-88 0.9999999989999999 8.001801790624745e-232 
0.9999999985737227 4.262772139554245e-10 3.376285073851915e-224 
2.1451454896421235e-27 0.4690427089305918 0.5309572900694081 
0.5738111325674482 0.4261888664325517 5.273904e-318 
0.6714494079114444 0.3285505910885555 1.1043618497620487e-96 
9.174712129971913e-218 0.999999999 2.448496305902449e-41 
6.954939081485195e-185 0.9999999989999999 2.25184066501791e-211 
0.0 5.834944240675478e-156 0.999999999 
0.9999999989999999 4.315227522295864e-87 3.574288263096748e-48 
2.1946666225242554e-162 0.9999999989999999 1.408381015353314e-120 
1.2296452183843096e-120 0.9999999999501049 3.820368469071221e-245 
0.8409349141435523 1.540322911763696e-60 0.15906508580280343 
1.2436878026593376e-274 0.9999999947809196 5.173287783428867e-09 
1.9017470091286297e-75 0.9999999999072658 0.0 
1.6046824182928184e-137 0.9999999999555814 3.672992834680563e-100 
6.275937362106778e-81 0.999999999 7.412395705532101e-156 
8.210593701089656e-125 0.9999999989999996 3.6604389490996565e-16 
0.0 0.9999999989999999 2.0593775328162535e-120 
0.9996476957219544 0.000352303278045556 0.0 
9.35520683539052e-65 0.9999999989999999 7.63003813968374e-70 
2.7850338823438184e-65 0.9999999989999999 8.912718422675239e-144 
4.381681320855611e-52 0.999999999 2.9503239321869488e-18 
0.0 9.076099870783037e-42 0.999999999 
0.9999999989999999 6.073469065864938e-87 0.0 
4.475954128679393e-210 0.999999999 7.104882912951695e-121 
3.206758499297051e-146 0.9999999989999999 8.400422921407465e-221 
0.9985468198911951 0.0014531791088049878 1.250185197998581e-94 
0.0 0.9999999989999999 1.5721747634147247e-205 
0.9999999989999999 8.66760138169531e-162 0.0 
0.999999999 3.793298108244786e-167 7.973308760422692e-294 
1.827683343033703e-294 1.9260160682286985e-88 0.9999999989999999 
8.38053503041069e-127 0.9999999989999999 1.1220119061095622e-64 
0.0 1.0412455378970114e-81 0.9999999989999999 
0.999999999 3.356710660268755e-157 3.3037715458817903e-75 
9.429296009853484e-280 1.3593097455406286e-96 0.999999999 
6.275937362106778e-81 0.999999999 7.412395705532101e-156 
8.210593701089656e-125 0.9999999989999996 3.6604389490996565e-16 
0.0 0.9999999989999999 2.0593775328162535e-120 
0.9996476957219544 0.000352303278045556 0.0 
9.35520683539052e-65 0.9999999989999999 7.63003813968374e-70 
2.442e-320 8.786087012186135e-115 0.9999999999493137 
0.24181607587657014 0.7581839240563379 4.330335218050684e-139 
4.7956503779497675e-207 1.5298313770366932e-16 0.999999999906236 
3.439224295155006e-07 0.9999996558834255 1.8596467462331047e-202 
0.23636262105328587 0.5079297194765995 0.2557076594251881 
2.7715561474004445e-278 3.1928763191037855e-51 0.999999999 
0.0 0.6587938252553601 0.3412061737446398 
0.0 5.478621450340514e-151 0.9999999989999999 
0.999999999 1.0635795340843024e-82 3.009867893296369e-186 
3.4728287369272225e-196 0.2733883319721854 0.7266116670278145 
8.778043408619475e-61 0.9999999989999999 1.0825855010596814e-130 
4.917105742791203e-255 6.546921234828872e-210 0.9999999989999999 
0.0 3.3186116137482655e-47 0.999999999 
0.9999999989999999 1.4254943268720653e-35 0.0 
0.9999999989999999 7.57420792532362e-86 2.4401369066774805e-117 
0.0 0.9999999989999999 1.6956718715953132e-97 
3.2364167898605782e-229 0.999999999 6.348744163869316e-87 
0.0 2.6018350747237365e-178 0.999999999 
0.45556776597094234 4.74071088420794e-166 0.5444322330290576 
0.0 4.0510555705212766e-115 0.999999999 
2.7850338823438184e-65 0.9999999989999999 8.912718422675239e-144 
4.381681320855611e-52 0.999999999 2.9503239321869488e-18 
0.0 9.076099870783037e-42 0.999999999 
0.9999999989999999 6.073469065864938e-87 0.0 
4.475954128679393e-210 0.999999999 7.104882912951695e-121 
2.7715561474004445e-278 3.1928763191037855e-51 0.999999999 
0.0 0.6587938252553601 0.3412061737446398 
0.0 5.478621450340514e-151 0.9999999989999999 
0.999999999 1.0635795340843024e-82 3.009867893296369e-186 
3.4728287369272225e-196 0.2733883319721854 0.7266116670278145 
5.324978991064298e-218 0.9999999999637499 7.557449383060156e-93 
1.465543732257407e-170 4.487192177857125e-19 0.9999999999492148 
0.0 2.984783785669661e-84 0.9999999999464882 
0.9999999999161044 2.06094944083805e-295 0.0 
0.0 0.9999999999672788 2.29551619247953e-67 
6.042090148731974e-140 0.999999999 4.0113962811744865e-146 
6.476821782789059e-81 0.13291118534655366 0.8670888136534464 
0.0 0.31654259718896 0.6834574018110399 
0.9999999989999999 1.3331651006563812e-87 0.0 
0.12347121687635465 0.8765287821236454 9.50221330254185e-53 
4.3847100464179084e-88 0.9999999989999999 8.001801790624745e-232 
0.9999999985737227 4.262772139554245e-10 3.376285073851915e-224 
2.1451454896421235e-27 0.4690427089305918 0.5309572900694081 
0.5738111325674482 0.4261888664325517 5.273904e-318 
0.6714494079114444 0.3285505910885555 1.1043618497620487e-96 
3.206758499297051e-146 0.9999999989999999 8.400422921407465e-221 
0.9985468198911951 0.0014531791088049878 1.250185197998581e-94 
0.0 0.9999999989999999 1.5721747634147247e-205 
0.9999999989999999 8.66760138169531e-162 0.0 
0.999999999 3.793298108244786e-167 7.973308760422692e-294 
8.778043408619475e-61 0.9999999989999999 1.0825855010596814e-130 
4.917105742791203e-255 6.546921234828872e-210 0.9999999989999999 
0.0 3.3186116137482655e-47 0.999999999 
0.9999999989999999 1.4254943268720653e-35 0.0 
0.9999999989999999 7.57420792532362e-86 2.4401369066774805e-117 
6.042090148731974e-140 0.999999999 4.0113962811744865e-146 
6.476821782789059e-81 0.13291118534655366 0.8670888136534464 
0.0 0.31654259718896 0.6834574018110399 
0.9999999989999999 1.3331651006563812e-87 0.0 
0.12347121687635465 0.8765287821236454 9.50221330254185e-53 
5.840774359237555e-197 0.9999999999022963 4.985765558332296e-134 
2.604618707077735e-26 1.0496378696220364e-149 0.9999999998833772 
0.34793016276370914 0.6520698370896243 7.107863861044179e-221 
0.9999999869155474 1.2716887929098027e-08 0.0 
0.11061626116231649 0.8893837386943577 7.98727174788396e-252 
