-1437.7469503883626
1.3249683067609662e-21 1.172794255535563e-34 5.546486478946037e-66 7.494049029147317e-61 0.999999999999902 
1.569122783557563e-48 0.999999997829245 7.083147495787369e-13 7.385345054884018e-29 2.1700094741932957e-09 
0.2388773268458411 5.249875623640645e-39 1.5834082149739047e-43 2.4954021875614308e-61 0.7611226731541043 
0.45055617532696673 0.08706683949891995 1.4029896595820428e-41 0.4623769851740741 1.2263757915236778e-18 
5.165341986011937e-91 1.8067499257899217e-06 6.616137158675233e-38 0.9999981932490705 9.725831106386375e-13 
5.2247594038270995e-67 0.17984699763460257 3.6943483419665326e-06 0.3136128967550613 0.5065364112619589 
0.12559942120579534 9.062613465659577e-20 1.0814376318232577e-08 0.8744005679797919 2.6197712160076685e-16 
4.9948507654247373e-79 0.5538597601610585 1.5560473116460654e-49 0.22129474680254968 0.22484549303629822 
1.2982536461203876e-52 1.6913554992848523e-36 2.1295464361781338e-21 0.9999999999999415 1.78260385020078e-35 
0.8245348535061291 3.676136070354738e-21 8.928810683635891e-85 2.0877546570127335e-98 0.17546514649378533 
6.428486326247239e-61 0.005392396174782898 0.11565586680587349 0.022953830397562294 0.8559979066217055 
0.9207573271434364 1.0491836819653831e-94 5.5441037095403414e-61 0.07924267285636756 4.63192665085279e-38 
7.722881263813058e-41 0.039576609960104626 2.595947650558534e-21 0.9072735291060742 0.053149860933743645 
0.8477662339444844 8.064146596998519e-10 2.004666375760132e-42 0.15223376524881543 7.987388933892575e-30 
0.22777053499722452 8.382363615335503e-66 9.678677589374141e-115 1.272174750497168e-75 0.7722294650026116 
3.470292004496508e-82 4.1931557810465897e-113 6.868700450331985e-53 0.31643683433273817 0.6835631656669678 
2.643817637610527e-223 0.78271274859172 4.706184852934653e-31 0.21728725140784513 5.87971557270062e-97 
3.348335587004343e-81 3.6758147600609235e-05 0.6877569596883593 1.9299164736401035e-20 0.3122062821638363 
2.5850810437334528e-76 0.7425590138869419 0.23848957360119147 4.883657930963534e-59 0.018951412511649394 
4.28069515508536e-65 2.950100508279181e-13 1.5358631341735424e-64 0.999999999999541 9.682617399412914e-18 
0.6857326920625767 0.20576196436601044 2.4279332952620175e-70 2.9247096558018588e-30 0.10850534357125165 
9.972900678723903e-66 0.5659526579091774 1.0354643722403928e-32 0.43404734209034646 9.956673793308021e-30 
3.584524033361425e-150 5.41279740041265e-73 8.367477114057948e-199 1.6527177631945152e-199 0.9999999999994117 
9.93728207873904e-202 9.658333786386011e-42 0.9999999306129106 2.5429152209957405e-135 6.938681179540516e-08 
0.9999999999996153 4.89077431223566e-258 6.503398976e-315 6.199854291413893e-260 3.052447965210067e-81 
2.7127945100464936e-117 0.8302398502548848 1.769128357303685e-23 0.1697601497450076 5.489568347410414e-98 
2.937695745569114e-258 2.9549767833279658e-37 0.6077774425399823 0.3922225574598359 1.7925823418594973e-118 
0.002086581462993555 2.6757791216943517e-20 1.8918891121139214e-98 0.6966205144621447 0.3012929040745677 
0.3078776499686992 4.976319238902221e-150 4.765319240275488e-160 2.4699866887855173e-226 0.6921223500308842 
1.7215389799565055e-82 0.9999999999999591 1.0844372288824511e-35 2.3266409950840685e-44 1.902292372729231e-48 
8.147996654738019e-53 0.8884279668623287 9.806169380247847e-98 7.88061733173416e-44 0.11157203313732647 
1.1459832530347521e-81 7.83415269774559e-13 3.193573494586708e-37 0.4296098674157961 0.5703901325833153 
2.6512292514913145e-59 5.394889003349901e-28 0.9760100656093926 7.338697363288842e-20 0.023989934390418792 
0.40330755030619736 3.0233012598620514e-160 6.047803067390011e-91 1.6562517201685963e-48 0.5966924496930885 
0.9512524325788201 1.596400125128897e-73 5.420529604938546e-50 1.9532347036576705e-120 0.04874756742092357 
0.3721763233135624 0.34094927733499053 5.32739817459491e-89 0.1685591805726754 0.11831521877793838 
9.06818989882499e-83 1.1880271730429126e-58 4.562680666348838e-108 9.207440588024185e-52 0.9999999999994444 
2.9689240344308548e-89 0.7042465349656291 0.29575333105496854 1.3397927071822678e-07 2.046637840749703e-36 
0.33766844050127454 3.516728672818018e-44 0.36150312392884243 0.29081645804923845 0.010011977520495352 
1.1826204935487123e-155 1.2672909702773464e-61 0.9999999999996552 6.823916772105609e-158 2.1407835026544697e-38 
9.440414628695009e-11 0.18995127867712916 2.7171298171338007e-44 2.451211182338982e-115 0.8100487212282815 
3.9453417773341103e-07 3.0224304595145003e-09 2.2772388559970427e-67 0.8347161986346391 0.16528340380844972 
3.774265117180673e-83 0.9999999744295702 2.74132285541038e-69 2.5569660617429765e-08 3.0502585277583225e-57 
0.3862873271254068 1.7417282389483208e-33 0.3175354365898144 8.618451537835637e-68 0.2961772362845289 
0.4084659302643996 0.16428468564208187 4.073230214321305e-24 0.4272493840927495 5.986023378981742e-24 
2.720739093349447e-103 6.690369812370284e-27 0.6341787255843951 6.571371592794209e-99 0.36582127441469586 
0.999999999999091 1.1470812101382753e-99 4.702727130693996e-173 1.358518880842712e-101 5.658121465320145e-63 
3.447454812352549e-47 7.881457411810561e-155 1.974897144149408e-221 1.3105192946695038e-212 0.9999999999990001 
1.0969867560891168e-301 1.0005068015630769e-39 0.9999999999966667 7.210464336860466e-124 1.2948638186032435e-98 
0.2849789881601033 6.056618462387532e-201 4.937667550669418e-237 1.1276072928812341e-219 0.7150210118386469 
3.980132564070488e-105 1.367175368221184e-55 0.3930590841395953 1.312344994147413e-32 0.6069409158601018 
4.641464536759464e-207 4.025756336494258e-90 0.9999999999995237 3.012965378599775e-67 9.95377332920574e-114 
3.688972545715522e-79 4.483139682795266e-15 6.40408733759929e-14 0.9999999999993129 3.040163539581946e-14 
0.9999999999990001 0.0 2.711715227891242e-218 1.228441923244311e-200 1.6269685804552025e-151 
1.0457270989232393e-134 1.4309421899633373e-24 9.85770580353941e-23 0.9999999999996 2.129802986181909e-25 
9.632460797049253e-105 2.3465754409352127e-77 0.9999999999997778 2.451485030817991e-47 4.851406636173105e-37 
7.631113507279117e-198 0.4294686652487906 1.8682209573169694e-68 3.399081441340561e-147 0.5705313347500982 
5.239436679999342e-237 6.29013863606297e-56 3.5210995985878184e-94 0.9999999999983333 3.5034499520333253e-248 
6.724352275949028e-245 0.6663328665735703 2.1914364200641036e-41 0.3336671334260298 1.1832716852625681e-31 
3.9903910406367937e-50 3.396489984252168e-39 1.1491061033736727e-116 7.272852949041131e-137 0.9999999999997436 
1.1591403658044847e-71 0.9999999999983333 5.883642534841525e-142 3.693933819208287e-54 8.354941811929756e-79 
0.9999999999995237 5.871089142574283e-167 5.394015263725085e-169 1.4955294973251301e-127 4.966720978354411e-69 
7.729836943395445e-110 6.70786947677528e-39 6.854154547598354e-50 0.5737117965453702 0.4262882034539156 
2.667627612862663e-60 0.277125803786402 1.111148164546113e-29 0.7228741962133123 4.2781248050550154e-20 
0.27247394858794594 8.626607446625779e-198 4.493710783103735e-217 1.6784854274262402e-150 0.7275260514115994 
0.9999999999998148 1.0892177588819097e-79 2.5223960712757933e-132 2.492191066612676e-201 1.912259406259846e-23 
0.44092769216469924 4.450921417707198e-23 0.13076957728274233 7.5949291705679634e-34 0.42830273055240214 
1.6521292739861434e-81 1.2546414725628598e-61 0.0997252978536771 1.7670820530934635e-53 0.9002747021461269 
1.4773648638979748e-52 4.8056461886433916e-160 2.1430988709689434e-137 2.0250539687578968e-156 0.9999999999995 
0.0832306628762845 0.0 0.417648570340158 8.605228038711577e-85 0.4991207667835554 
0.6423806210169348 0.10463642483734349 0.17728213119013347 1.5356570947795547e-66 0.07570082295558596 
0.9578644176146397 0.04213558238535764 9.249893957258183e-132 1.0082690023955681e-149 2.4533419889836282e-58 
0.3790250453976382 0.1679873899941442 0.1345117774247459 0.3184757871834687 2.887815204594115e-26 
0.13013805192158343 3.654487152452186e-247 2.5349920994206352e-180 0.6768322978850422 0.19302965019337218 
0.05619100680463347 0.1016203829171875 4.532564926325074e-165 0.13876335292024078 0.7034252573579364 
0.8306401451395163 0.16935985486048108 2.345834717568444e-103 3.2178336879323182e-80 1.0870134540138846e-139 
0.23034516153989112 0.03571213229949903 0.0951384180598609 5.861928057050869e-103 0.6388042881007462 
0.5207195634901514 0.0 0.15567605173976218 0.19888690861598346 0.12471747615410049 
0.4632632915005936 1.0487477947519554e-43 3.494837452706544e-92 0.5367365598726643 1.4862674047810265e-07 
0.6674884450921639 0.0 1.0360722776825578e-37 0.2151502891538214 0.11736126575401253 
0.8924240420422054 0.08597115895256396 2.603047440053379e-287 7.077591358592405e-205 0.021604799005228194 
0.6385591852846854 0.11370705918827838 0.17837780617245175 0.06935594935458253 3.885077234490588e-24 
0.19374885159311947 1.1598341984748359e-223 0.2259857381169459 0.5802654102899324 5.539529093737281e-23 
0.36586196027107865 0.0776188528029867 3.362518294779744e-144 0.055630857212121 0.5008883297138113 
0.565309066526796 0.18260003273595432 5.285872032252736e-07 0.03628087224431524 0.21580949990572917 
0.6175643368423597 9.889437695131158e-66 0.06368708225717773 0.3187485809004608 8.304227010851001e-19 
0.2876119886652734 0.19197500084158536 0.13330014200580143 2.7843893415474418e-98 0.3871128684873381 
0.35688526990458413 0.0 0.4492971149667969 6.573728087502373e-40 0.1938176151286169 
0.32856020050766477 0.1051506306752352 0.16158725419693615 0.12423570114108347 0.28046621347907863 
0.09104298457899611 0.0625836587175733 3.943378217162653e-148 0.36064801072120445 0.4857253459822235 
0.5684037547198627 0.07522523985338578 1.0167437139496848e-206 0.3563710054238145 2.9348046718671207e-12 
0.15046154027582798 0.1172300839934703 2.206187656282823e-91 0.6262160189937425 0.10609235673695727 
0.0 0.9999999999999923 7.828868566207617e-247 2.319318713269767e-196 0.0 
2.8978318881807576e-117 0.16878463966303459 9.618225242231499e-49 8.854645172270041e-25 0.8312153603369529 
0.2656962177118547 6.212605462209881e-38 5.5713819523763225e-56 0.23036304209085812 0.5039407401972829 
0.13965337062762592 0.0 0.21872086897469092 0.1441329126733112 0.49749284772436847 
0.27383503891385036 0.0 6.381532982762196e-73 0.5705486138056296 0.15561634728051607 
2.928892830473531e-158 0.0 1.803895481558471e-57 0.1293331411770186 0.8706668588229773 
1.4656426094935948e-293 0.9999999999999974 0.0 0.0 0.0 
2.2898547383120084e-63 0.34246045749831 0.28988719731595236 0.15131704801665036 0.2163352971690844 
0.3097101543870672 0.008549053211270917 0.0001608906484446739 0.6815799017532141 4.3467557439206295e-53 
1.9790436398255996e-38 0.0 0.2795419460411585 3.840329089433854e-136 0.720458053958837 
2.0999546294455548e-74 0.6757850646316585 4.450923654248942e-281 1.8614797592198433e-74 0.3242149353683381 
2.3470170302770462e-05 0.13568187308281765 1.530472549282417e-65 0.21561789072541193 0.6486767660214615 
0.430638733070416 1.0308748284210294e-166 2.886056586578462e-100 0.5693612669295807 7.389755815348412e-54 
0.3431923340158422 0.0 0.3569293827105458 0.29987828327360705 3.2584778640238015e-29 
0.6532127813677143 0.0 4.045871294417852e-42 0.2308525866370701 0.11593463199521138 
0.0 0.0 0.9999999999999959 5.934558266467613e-296 1.9560179712645159e-205 
2.3500881974298828e-42 0.0 0.3985470685837572 1.837611217976242e-128 0.6014529314162373 
3.577493791756317e-197 3.1493392104161984e-244 0.4512826654362843 2.215846446434786e-191 0.5487173345637107 
3.0560606053143207e-146 0.0 0.9999999999999964 2.2955827149158463e-247 1.587565965112127e-73 
3.746387775477579e-54 0.0 0.5586132114747672 0.23225139422602992 0.20913539429919778 
0.2749924921326765 0.2893557144531448 1.9230124039933565e-23 0.038423807873197574 0.39722798554097816 
0.12850603549684114 1.742e-320 0.5927482035050426 8.232409197232794e-70 0.27874576099811127 
6.145775768308253e-109 1.895381538217466e-230 2.880901996647428e-154 0.4232080982918216 0.5767919017081734 
0.15282904601157074 5.3045139430399045e-282 6.598842608562137e-271 0.8471709539884041 2.78045806262905e-243 
0.6579875406091301 0.0 0.34201245939086594 4.964238658313141e-109 8.329867224513491e-70 
0.3207689914925672 1.9855442387307132e-08 0.5116612605974566 0.16756972805452994 1.0272875401843782e-98 
0.08112375639507276 0.2553736055446193 2.0574493005246393e-34 0.663502638060283 0.0 
0.46778318980672684 0.06423007047071307 0.06512300498581951 0.40272328305766825 0.0001404516790681294 
0.7333214360627291 0.2039427531972235 0.06273572954950644 5.683995561780614e-85 8.11905370635454e-08 
0.99999999999995 0.0 0.0 0.0 2.1698921532871264e-291 
7.333780615403837e-75 4.062521345469044e-94 0.6292281407790952 0.37077185922090006 2.2910467652911964e-21 
4.773320200842316e-176 8.055337358966244e-207 0.6293245819205489 0.11567904398535851 0.254996374094088 
1.290864299360711e-10 0.2693561397581284 0.11365682630442578 0.24712751686524892 0.369859516943106 
1.9278834161858045e-115 2.126666769571389e-256 1.082573734447179e-255 0.9999999999999957 6.615153140245588e-193 
1.4965996592894083e-80 9.723499444845294e-47 1.7715490401934446e-56 0.9999999999999954 7.61746537277148e-158 
5.9552814465897804e-77 0.07887785453675562 0.6368404466422601 0.2836194323291774 0.0006622664918020357 
0.0026257326160949728 1.7825877298295705e-154 0.31844192309350183 0.6789323442903942 1.7935859776364112e-86 
1.2967624580302358e-189 0.9999999999999944 0.0 0.0 2.3785434194014323e-153 
0.18737458018781872 0.3038295571781448 0.25320542019195197 0.25559044244207685 3.112396566425776e-50 
1.4386742134682934e-100 0.07516354212854996 1.0193862155152676e-27 2.8566497362995496e-19 0.9248364578714429 
0.5646787663979848 0.0 1.3393257385875688e-110 0.4353212336020084 1.132616981309677e-16 
0.3357716293305668 0.0 0.3248311166790662 2.2550240731963288e-57 0.3393972539903594 
1.0893277876527011e-17 0.0 6.121293039655176e-43 0.7725259283319076 0.22747407166808473 
2.7001834754949557e-86 0.0 6.758263479068507e-169 0.4143231624351826 0.5856768375648116 
2.2704898217257816e-102 0.21428571450416597 0.7857142854958269 1.0872849543505026e-23 2.3985992424728215e-127 
2.4029186723575084e-174 2.333613646848402e-154 8.45593704177442e-143 0.1664295371477494 0.8335704628522461 
0.6985748922292502 1.2883418229279295e-240 0.16903578164594554 0.1323893045490395 2.1575760467166967e-08 
0.15089950772722413 0.06845935491277713 0.6040528592244407 0.17658827813555325 4.0007726834810398e-19 
0.9999999999999933 0.0 5.4249530027280956e-253 2.0968885223877126e-307 2.6252283915333924e-235 
3.909269053913019e-99 0.15046302540534168 4.195942464658983e-156 3.862932945471499e-57 0.849536974594652 
2.3399315295115886e-178 0.1227743822589096 0.36709716229226885 0.26707254647635226 0.2430559089724626 
1.4150442806364167e-148 0.0 2.137071939725529e-41 1.7918720835890687e-231 0.9999999999999954 
5.52290290785567e-126 3.612301769410701e-122 8.102636771511756e-119 0.6131767876486541 0.38682321235134093 
0.7617707809400658 0.05760220269267983 0.1806267822857864 7.975783854115278e-72 2.3408146100050551e-07 
0.4119164672931114 0.0 4.479323747124057e-69 0.5189936098570549 0.06908992284982915 
0.10055395682104068 0.0 0.2514577899590918 0.6479882532198628 4.179008783543208e-210 
0.27478185583161463 0.7252181441683743 0.0 5.943416936940947e-128 1.1408760930516426e-284 
0.548371116367551 0.0 5.775372840368257e-70 1.0078711994561575e-237 0.4516288836324323 
1.4405620116337685e-134 0.0 0.9999999999999799 0.0 1.5002169891153374e-22 
4.055480612493613e-21 0.0 1.1952615947710571e-253 0.0 0.9999999999999832 
0.9999999999999832 0.0 4.900173691782569e-234 5.15351755451988e-114 1.7018048361493383e-154 
0.3767665395880623 0.0 5.1073091292812114e-120 0.5525799165101993 0.07065354390172834 
7.41794659057069e-203 4.620606855402756e-76 0.9999999999466967 
0.9999999997820296 5.27460736167924e-59 0.0 
4.011258929133844e-210 0.9999999998722932 6.640708735567048e-92 
0.9999999999141745 3.396997417739132e-98 4.0515833198372885e-276 
4.106541967613929e-61 0.9999999999130864 1.1279781306839672e-185 
1.5899639287338182e-132 0.999999999 9.087094582398609e-41 
0.9999999989999999 1.998882944927767e-132 0.0 
0.0 0.45843197929314194 0.5415680197068581 
0.9999999712692917 6.873869886349125e-65 2.7730708195733265e-08 
9.029605361706153e-58 0.9999999989999999 2.64574033357878e-95 
0.0 0.9999999989999999 5.600765923199866e-88 
1.970406685397998e-220 7.80917989388981e-86 0.9999999989999999 
0.0 5.087176746470633e-10 0.9999999984912824 
0.9999863641243432 1.3634875656889486e-05 6.761321935189935e-142 
0.0 0.9999999989999999 2.322146246747577e-101 
0.20405200284021713 0.7959479961597828 2.7606650721456513e-138 
0.999999999 1.4804419279710388e-72 1.4011787297993893e-295 
1.484066046305013e-98 0.28062642539884897 0.7193735736011511 
0.7321229682315116 0.26787703076848834 7.551300453989678e-259 
9.807629342246781e-121 0.999999999 3.6124402222862647e-211 
3.6985605629706914e-72 0.999999999 4.0704648319102446e-132 
6.934249506569083e-101 0.9999999989999999 0.0 
1.913186762759842e-273 0.9999999989999999 2.1060696041701136e-113 
0.9999999989999999 7.254659142385331e-87 0.0 
8.364391379780684e-106 0.9999999989999999 1.0785641374895205e-59 
1.5899639287338182e-132 0.999999999 9.087094582398609e-41 
0.9999999989999999 1.998882944927767e-132 0.0 
0.0 0.45843197929314194 0.5415680197068581 
0.9999999712692917 6.873869886349125e-65 2.7730708195733265e-08 
9.029605361706153e-58 0.9999999989999999 2.64574033357878e-95 
0.0 0.9999999999627897 1.5804998289725344e-35 
0.7240684368645267 0.27593156302145827 1.2319990405691731e-145 
0.0 7.777193421111038e-85 0.9999999999433594 
0.0 7.643086317584736e-23 0.9999999999544831 
0.0 4.372155e-318 0.9999999999625425 
0.0 0.999999999 6.49962607029088e-78 
0.9999999989999999 6.353832922515333e-293 1.0183198862252492e-152 
0.0 7.290882342230396e-194 0.9999999989999999 
0.0 0.9999999989999999 1.0886583638277607e-63 
0.0 0.5525917344832039 0.447408264516796 
6.6540687360129045e-192 0.999999999 9.908487937534727e-146 
0.999999999 1.6449390426447955e-241 0.0 
0.0 0.3978320448425811 0.6021679541574187 
1.0128911516003112e-236 0.999999999 3.394097590569619e-31 
8.939166766320846e-240 3.686163916644787e-50 0.999999999 
3.405697138749582e-109 0.999999999 9.184250617051545e-26 
0.9067377007108365 0.09326229828916344 6.5607e-320 
6.924775812368919e-225 1.1680536249372034e-214 0.9999999989999999 
3.6850831637160143e-218 7.098893411182744e-80 0.9999999989999999 
4.4537031542962806e-126 0.9999999989999999 9.863869996116405e-83 
0.0 0.9999999989999999 5.600765923199866e-88 
1.970406685397998e-220 7.80917989388981e-86 0.9999999989999999 
0.0 5.087176746470633e-10 0.9999999984912824 
0.9999863641243432 1.3634875656889486e-05 6.761321935189935e-142 
0.0 0.9999999989999999 2.322146246747577e-101 
0.0 0.999999999 6.49962607029088e-78 
0.9999999989999999 6.353832922515333e-293 1.0183198862252492e-152 
0.0 7.290882342230396e-194 0.9999999989999999 
0.0 0.9999999989999999 1.0886583638277607e-63 
0.0 0.5525917344832039 0.447408264516796 
0.0 0.9999999994944063 0.0 
0.0 0.9999999996029407 0.0 
0.0 0.6180714299957518 0.3819285698929865 
0.0 0.31171092677018813 0.6882890730129735 
0.0 0.9999999998653178 0.0 
0.0 0.9999999989999999 2.148200482069252e-67 
3.0431492403482826e-147 2.1023923537653326e-260 0.9999999989999999 
0.0 2.7526550562439868e-145 0.9999999989999999 
0.0 0.46798374469237564 0.5320162543076243 
0.0 1.4059869479579312e-134 0.9999999989999999 
1.1128518692350564e-246 5.481678644197669e-80 0.9999999989999999 
2.8637911862750625e-140 0.999999999 1.6022380970114087e-20 
0.0 3.0512389315552385e-170 0.9999999989999999 
0.0 0.837048046516873 0.16295195248312702 
0.0 0.999999999 6.174027052945954e-192 
0.20405200284021713 0.7959479961597828 2.7606650721456513e-138 
0.999999999 1.4804419279710388e-72 1.4011787297993893e-295 
1.484066046305013e-98 0.28062642539884897 0.7193735736011511 
0.7321229682315116 0.26787703076848834 7.551300453989678e-259 
9.807629342246781e-121 0.999999999 3.6124402222862647e-211 
6.6540687360129045e-192 0.999999999 9.908487937534727e-146 
0.999999999 1.6449390426447955e-241 0.0 
0.0 0.3978320448425811 0.6021679541574187 
1.0128911516003112e-236 0.999999999 3.394097590569619e-31 
8.939166766320846e-240 3.686163916644787e-50 0.999999999 
0.0 0.9999999989999999 2.148200482069252e-67 
3.0431492403482826e-147 2.1023923537653326e-260 0.9999999989999999 
0.0 2.7526550562439868e-145 0.9999999989999999 
0.0 0.46798374469237564 0.5320162543076243 
0.0 1.4059869479579312e-134 0.9999999989999999 
2.8298749284820803e-158 0.3201662782791566 0.6798337217071242 
0.9999999999481717 1.0264774940672162e-158 3.285177129589906e-115 
0.0 3.059894837237289e-87 0.9999999999668182 
0.0 1.3746860107681081e-16 0.9999999999780053 
1.1749734377041527e-224 7.13861573003228e-22 0.9999999999790891 
2.1090245533938496e-106 0.999999999 2.2644046090670508e-135 
0.9999999989999999 8.114737864185745e-34 1.8409742786444506e-146 
1.412198202594054e-304 1.732015334473813e-33 0.9999999989999999 
1.4505477738645778e-219 0.999999999 9.848011010413098e-191 
2.124507239010704e-268 0.999999999 2.4027401337598047e-131 
3.6985605629706914e-72 0.999999999 4.0704648319102446e-132 
6.934249506569083e-101 0.9999999989999999 0.0 
1.913186762759842e-273 0.9999999989999999 2.1060696041701136e-113 
0.9999999989999999 7.254659142385331e-87 0.0 
8.364391379780684e-106 0.9999999989999999 1.0785641374895205e-59 
3.405697138749582e-109 0.999999999 9.184250617051545e-26 
0.9067377007108365 0.09326229828916344 6.5607e-320 
6.924775812368919e-225 1.1680536249372034e-214 0.9999999989999999 
3.6850831637160143e-218 7.098893411182744e-80 0.9999999989999999 
4.4537031542962806e-126 0.9999999989999999 9.863869996116405e-83 
1.1128518692350564e-246 5.481678644197669e-80 0.9999999989999999 
2.8637911862750625e-140 0.999999999 1.6022380970114087e-20 
0.0 3.0512389315552385e-170 0.9999999989999999 
0.0 0.837048046516873 0.16295195248312702 
0.0 0.999999999 6.174027052945954e-192 
2.1090245533938496e-106 0.999999999 2.2644046090670508e-135 
0.9999999989999999 8.114737864185745e-34 1.8409742786444506e-146 
1.412198202594054e-304 1.732015334473813e-33 0.9999999989999999 
1.4505477738645778e-219 0.999999999 9.848011010413098e-191 
2.124507239010704e-268 0.999999999 2.4027401337598047e-131 
1.25977637170225e-10 0.9999999998462218 1.5906938762276512e-78 
0.14686545199167608 0.8531345478825972 3.0041636608021323e-235 
0.0 0.5610067528317507 0.4389932470920742 
2.8047134495594887e-194 0.9999999999614445 6.296130648663524e-308 
0.0 0.9999999999548198 1.5311476905753319e-279 
